0.00000003545999173698
0.00000003872831194340
0.00000004422361423073
0.00000005855162367861
0.00000012480321290865
0.00000024041589444795
0.00000027157474012675
0.00000027427587866870
0.00000030126641794372
0.00000030234508696092
0.00000040178187571112
0.00000075051526308275
0.00000083604173054607
0.00000165421053742587
0.00000179432408409923
0.00000181515601314868
0.00000183501198424597
0.00000188773379144414
0.00000195079696018410
0.00000234308256821242
0.00000268426944878377
0.00000430120611214213
0.00000494693112995710
0.00000831448175055202
0.00000930444290336472
0.00000986428129895383
0.00001021681433145957
0.00001149425183989300
0.00001234704852322390
0.00001318932755800098
0.00001727083664627293
0.00002293385228278967
0.00004373636609621312
0.00005177800806852633
0.00005457506846816353
0.00006898837871830163
0.00007296709019338933
0.00007645568516174429
0.00009177166905625415
0.00012323981437616530
0.00023111593077357386
0.00023497117208176084
0.00026739236913285447
0.00031857412906420894
0.00042051217334830809
0.00058837616902992498
0.00080736013231412853
0.00089315654437638716
0.00120915984483632480
0.00144245020528324790
0.00210920105052303780
0.00247280015167076870
0.00316865286761022510
0.00404476978062989250
0.00559535823132754730
0.00638812481764574210
0.00836131944119188580
0.01263031695510634200
0.01304810753766056000
0.01898749879345831500
0.02858572433486768600
0.03157432537999093500
0.03226962965985678800
0.04916541475056623900